24 24 24
images/text32.png
24
baba 1 6 27
you 1 20 42
is 1 18 30
grass 1 9 30
sink 1 9 42
push 1 2 42
baba 0 1 1
rock 0 15 21
rock 1 11 33
flag 0 6 21
flag 1 1 30
defeat 1 5 39
win 1 17 42
has 1 12 30
grass 0 0 51
foc 0 5 24
explosio 0 22 42
skull 1 16 33
skull 0 11 15
wall 0 15 45
door 0 3 21
door 1 24 27
key 0 10 21
key 1 21 30

0 0 1 
1 2 1 
2 1 1 
2 3 16
2 21 1
19 5 5
2 3 7
2 10 2
2 5 2
3 9 2
23 13 14
19 6 5
19 3 6
12 22 1
3 1 2
4 1 6
4 11 3
5 6 3
5 4 16 
6 3 19
7 8 20
8 5 1
9 8 8
9 8 9
9 9 8
9 10 8
9 11 8
9 11 9
9 10 9
9 9 9 
10 20 1
11 4 15
13 2 2
2 14 14
14 0 22
14 1 22
14 2 22
14 3 22
14 4 22
14 5 22
14 5 21
14 5 20
14 5 19
14 5 18
14 4 18
14 3 18
14 2 18
14 1 18
14 0 18
14 0 19
14 0 20
14 0 21
14 0 23
14 1 23
14 2 23
14 3 23
14 4 23
14 6 22
14 7 22
14 7 23
14 8 23
14 9 23
14 10 23
14 11 23 
14 12 23
14 13 23
19 13 20
19 13 19
19 13 18
14 16 18
14 11 18
14 10 18
14 9 18
14 9 17
14 9 16
14 9 15
14 9 14
14 10 12
14 11 12
14 12 12
14 13 12
14 14 12
14 15 12
14 16 12
14 16 15
14 16 16
14 16 17
14 16 18
14 16 19 
14 17 19
14 18 19
14 19 19
14 19 18
14 19 17
14 20 17
14 22 17
14 23 17
14 19 16
14 19 15
14 19 14
14 19 13
14 19 12
14 19 11
14 19 10
14 19 9
14 19 8
14 19 7
14 19 6
14 19 5
14 14 23
14 15 23
14 16 23
14 17 23
14 18 23
14 19 23
14 20 23
14 21 23
14 22 23
14 23 23
14 23 22
14 23 21
14 23 20 
14 23 19
14 23 18
14 23 17
14 23 16
14 23 15
14 23 14
14 23 13
14 23 12
14 23 11
14 23 10
14 23 9
14 23 8
14 23 7
14 23 6
14 23 5
14 23 4
14 23 3
14 23 2
14 23 1
14 23 0
14 5 17
14 6 17
14 7 17
14 8 17
14 8 6
14 9 11
14 22 2
14 21 2
14 20 2
14 19 2
14 19 1
14 19 0
14 20 0
14 21 0
14 22 0
14 18 0
14 17 0
14 16 0
14 15 0
14 14 0
14 13 0
14 12 0
14 11 0
14 10 0
14 9 0
14 8 0
14 7 0
14 6 0
14 5 0
14 4 0
14 3 0
14 2 0
14 1 0
14 0 0
14 3 1
14 4 4
14 5 4
14 6 4
14 7 4
14 8 4
14 8 5
14 9 5
14 10 5
14 11 5
14 12 5
14 13 5
14 15 5
14 16 5
14 17 5
14 18 5
14 8 7
14 9 7
14 10 7
14 11 7
14 12 7
14 12 8
14 12 9
14 12 10
14 11 10
14 10 10
14 9 10
19 7 10
19 7 9
19 7 8
14 9 13
14 10 13
14 16 13
14 16 14
19 6 8
19 5 8
19 5 9
19 5 10
14 5 11
19 5 12
19 5 13
19 4 13
19 4 14
19 3 14
14 0 3
14 0 4
14 0 8
14 0 9
14 0 10
14 0 11
14 0 12
14 0 13
14 0 14
14 0 15
14 0 16
14 0 17
14 4 1
14 4 2
14 4 3
19 13 7
19 13 9
19 13 10
19 13 8
17 3 2
17 2 16
17 2 15
5 15 14
19 8 10
19 15 15
19 14 15
19 13 15
19 9 12
19 12 14
19 13 13 
19 14 13
19 15 13
19 7 7
19 6 10
19 3 21
19 3 20
19 4 20
19 4 19
19 2 19
19 1 20
19 4 17
19 8 18
19 6 16
19 6 15
19 5 15
19 5 14
19 2 14
19 1 19
19 10 17
19 12 22
19 12 21
19 7 15
19 1 3
19 2 3
20 12 18
20 21 17
20 14 5
20 3 13
20 3 3
21 1 12
22 10 21
22 19 21
22 16 2
19 4 5





