24 24 24
images/text32.png
14
foc 0 5 24
you 1 20 42
rock 1 11 33
is 1 18 30
push 1 2 42
flag 1 1 30
grass 0 0 51
rock 0 15 21
win 1 17 42
baba 0 1 1
flag 0 6 21
has 1 12 30
baba 1 6 27
explosio 0 22 42

0 0 0 
1 6 6
2 13 10
3 13 11
4 13 12
5 15 16
6 14 16
6 14 17
6 11 8
6 11 9
6 15 10
6 15 15
6 16 16
6 15 9
6 12 10
6 14 10
6 13 8
6 14 8
6 14 9
6 12 12
6 12 13
6 13 13
6 14 13
6 14 12
6 13 9
6 14 18
7 10 12
8 12 9 
9 7 8
9 18 11
10 1 15
2 2 12
11 12 2
5 22 12
12 1 2
1 3 2
3 2 2
6 4 4
6 4 5
6 4 6
6 4 7
6 4 8
6 4 9
6 4 10
6 4 11
6 4 12
6 4 13
6 4 14
6 4 15
6 4 16
6 4 17
6 4 18
6 4 19
6 4 4
6 5 4
6 6 4
6 7 4
6 8 4
6 9 4
6 10 4
6 11 4
6 12 4
6 13 4
6 14 4
6 15 4
6 16 4
6 17 4
6 18 4
6 19 4
6 4 19
6 5 19
6 6 19
6 7 19
6 8 19
6 9 19
6 10 19
6 11 19
6 12 19
6 13 19
6 14 19
6 15 19
6 16 19
6 17 19
6 18 19
6 19 19
6 19 4
6 19 5
6 19 6
6 19 7
6 19 8
6 19 9
6 19 10
6 19 11
6 19 12
6 19 13
6 19 14
6 19 15
6 19 16
6 19 17
6 19 18
6 19 19
6 3 4
6 3 5
6 3 6
6 3 7
6 3 8
6 3 9
6 3 10
6 3 11
6 3 12
6 3 13
6 3 14
6 3 15
6 3 16
6 3 17
6 3 18
6 3 19
6 3 3
6 4 3
6 5 3
6 6 3
6 7 3
6 8 3
6 9 3
6 10 3
6 11 3
6 12 3
6 13 3
6 14 3
6 15 3
6 16 3
6 17 3
6 18 3
6 19 3
6 4 20
6 5 20
6 6 20
6 7 20
6 8 20
6 9 20
6 10 20
6 11 20
6 12 20
6 13 20
6 14 20
6 15 20
6 16 20
6 17 20
6 18 20
6 19 20
6 20 4
6 20 5
6 20 6
6 20 7
6 20 8
6 20 9
6 20 10
6 20 11
6 20 12
6 20 13
6 20 14
6 20 15
6 20 16
6 20 17
6 20 18
6 20 19




