24 24 24
images/text32.png
19
baba 1 6 27
you 1 20 42
is 1 18 30
grass 1 9 30
sink 1 9 42
push 1 2 42
baba 0 1 1
rock 0 15 21
rock 1 11 33
flag 0 6 21
flag 1 1 30
defeat 1 5 39
win 1 17 42
has 1 12 30
wall 0 15 45
foc 0 5 24
explosio 0 22 42
grass 0 0 51
foc 1 0 30


0 11 4
0 15 19
0 15 16
8 23 10
0 20 23
5 23 12
1 15 21
13 21 22
2 21 23
2 2 2
2 15 20
2 11 5
2 22 11
3 22 22
3 2 1
3 17 19
3 13 6
5 2 3
5 22 23
6 2 21
6 22 18
6 17 17
14 18 17
14 17 18
14 17 16
14 16 17
7 23 18
7 22 19
7 21 18
7 22 17
7 16 6
8 20 22
9 19 1
10 19 1
12 19 3
14 0 0
14 0 1
14 0 2
14 0 3
14 0 4
14 0 5
14 0 6
14 0 7
14 0 8
14 0 9
14 0 10
14 0 11
14 0 12
14 0 13
14 0 14
14 0 15
14 0 16
14 0 17
14 0 18
14 0 19
14 0 20
14 0 21
14 0 22
14 0 23
14 1 0
14 2 0
14 3 0
14 4 0
14 5 0
14 6 0
14 7 0
14 8 0
14 9 0
14 10 0
14 11 0
14 12 0
14 13 0
14 14 0
14 15 0
14 16 0
14 17 0
14 18 0
14 19 0
14 20 0
14 21 0
14 22 0
14 23 0
14 1 23
14 2 23
14 3 23
14 4 23
14 5 23
14 6 23
14 7 23
14 8 23
14 9 23
14 10 23
14 11 23
14 12 23
14 13 23
14 14 23
14 15 23
14 16 23
14 17 23
14 18 23
14 19 23
14 23 23
14 23 1
14 23 2
14 23 3
14 23 4
14 23 5
14 23 6
14 23 7
14 23 8
14 23 9
14 23 13
14 23 14
14 23 15
14 23 16
14 23 17
14 23 19
14 23 20
14 23 21
14 23 22
14 22 20
14 21 20
14 20 20
14 19 20
14 19 21
14 19 22
14 21 19
14 20 19
14 20 18
14 20 17
14 21 17
14 21 16
14 21 15
14 21 14
14 21 13
14 21 12
14 21 10
14 21 9
14 21 8
14 21 7
14 21 6
14 21 5
14 21 4
14 21 2
17 20 2
14 1 20
14 2 20
14 3 20
14 1 11
14 2 11
14 3 11
14 4 11
14 5 11
14 6 11
14 7 11
14 8 11
14 9 11
14 19 11
14 18 11
14 10 11
14 11 11
14 12 11
14 20 11
14 13 11
14 11 12
14 13 12
14 20 5
14 19 5
14 18 5
14 18 4
14 18 3
14 17 2
14 11 14
14 12 14
14 13 14
14 12 15
14 12 16
14 12 17
14 12 18
14 12 19
14 12 20
14 12 21
14 12 22
14 17 13
14 17 12
14 17 11
14 17 9
17 17 8
14 17 7
14 17 5
14 17 4
14 17 3
14 17 2
14 3 21
14 7 13
14 14 14
14 15 14
14 16 14
14 17 14
14 15 12 
14 15 11
14 15 10
14 15 9
14 15 8
14 15 7
14 15 5
14 15 4
14 15 3
14 15 2
14 12 1
14 10 15
14 20 15
14 20 14
14 20 13
14 20 16
14 20 12
14 1 1
14 1 3
14 1 4
14 2 4
14 3 4 
14 3 3 
14 3 1
14 4 2
17 14 13
17 15 13
17 13 18
17 17 1
17 18 1
17 20 1
17 21 1
17 22 1
17 22 2
17 22 3
17 22 4
17 22 5
17 22 6
17 22 7
17 22 8
17 22 9
17 22 10
17 22 12
17 22 13
17 22 14
17 22 15
17 22 16
17 18 2
17 19 2
17 19 4
17 20 4
17 20 3
17 21 3
17 1 21
17 1 22
17 2 22
17 3 22
17 4 22
17 5 22
17 6 22
17 7 22
17 11 13
17 13 13
17 12 12
17 21 11
17 8 19
17 10 18
17 5 17
17 5 18
17 8 16
17 8 15
17 8 14
17 7 20
17 7 19
17 8 13
17 9 13
17 10 13
17 16 13
17 16 12
17 16 11
17 16 10
14 16 9
17 16 8
17 16 7
17 16 5
17 16 4
17 16 3
17 16 2
17 16 1
17 17 10
17 18 10
17 19 10
17 20 10
17 20 9
17 20 8
17 20 7
17 20 7
14 19 6
14 19 9
14 19 8
17 19 7
14 18 9
14 20 6
17 18 7
17 18 8
14 18 6


