audio/sao.mp3
24 24 24
images/text32.png
18
baba 1 6 27
you 1 20 42
is 1 18 30
grass 1 9 30
sink 1 9 42
push 1 2 42
baba 0 1 1
rock 0 15 21
rock 1 11 33
flag 0 6 21
flag 1 1 30
defeat 1 5 39
win 1 17 42
has 1 12 30
grass 0 0 51
foc 0 5 24
explosio 0 22 42
puf 0 25 22

0 6 7
1 8 7
2 7 7
2 20 20
3 16 17
2 17 17
4 18 17
0 20 21
5 19 19
6 2 2
7 4 5
7 9 3
7 2 15
7 3 22
8 13 13
9 14 18
10 3 15
11 12 8
12 15 3
13 7 12
14 0 1
14 0 2
14 0 3
14 0 4
14 0 5
14 0 6
14 0 7
14 0 8
14 0 9
14 0 10
14 0 11
14 0 12
14 0 13
14 0 14
14 0 15
14 0 16
14 0 17
14 0 18
14 0 19
14 0 20
14 0 21
14 0 22
14 0 23
14 1 0
14 2 0
14 3 0
14 4 0
14 5 0
14 6 0
14 7 0
14 8 0
14 9 0
14 10 0
14 11 0
14 12 0
14 13 0
14 14 0
14 15 0
14 16 0
14 17 0
14 18 0
14 19 0
14 20 0
14 21 0
14 22 0
14 23 0
14 1 23
14 2 23
14 3 23
14 4 23
14 5 23
14 6 23
14 7 23
14 8 23
14 9 23
14 10 23
14 11 23
14 12 23
14 13 23
14 14 23
14 15 23
14 16 23
14 17 23
14 18 23
14 19 23
14 20 23
14 21 23
14 22 23
14 23 23
14 23 1
14 23 2
14 23 3
14 23 4
14 23 5
14 23 6
14 23 7
14 23 8
14 23 9
14 23 10
14 23 11
14 23 12
14 23 13
14 23 14
14 23 15
14 23 16
14 23 17
14 23 18
14 23 19
14 23 20
14 23 21
14 23 22
14 1 1
14 9 9
14 3 8
14 21 21




