audio/sao.mp3
31 31 20
images/text32.png
36
baba 1 6 27
you 1 20 42
is 1 18 30
grass 1 9 30
sink 1 9 42
push 1 2 42
baba 0 1 1
rock 0 15 21
rock 1 11 33
flag 0 6 21
flag 1 1 30
defeat 1 5 39
win 1 17 42
has 1 12 30
grass 0 0 51
foc 0 5 24
explosio 0 22 42
skull 1 16 33
skull 0 11 15
wall 0 15 45
door 0 3 21
door 1 24 27
key 0 10 21
key 1 21 30
bog 0 0 48
bog 1 10 27
box 1 12 27
box 0 1 21
jelly 0  11 24
jelly 1  19 30
flower 0  17 21
flower 1  2 30
fruit  0  8 21
fruit  1  5 30
rocket 0  13 18
rocket 1  12 33




0 17 29

1 19 29

2 5 23
2 11 17
2 18 29
2 11 28
2 23 26
2 27 5
2 12 14
2 12 1
2 12 2
2 8 4

3 11 27

4 13 2

5 5 25
5 8 6
5 14 24
5 24 20
5 24 4
5 13 14


6 2 19
6 15 19
6 26 24
6 25 7
6 13 10

7 10 29

8 22 14

9 1 1

10 11 1
12 13 1

14 20 1
14 30 18
14 30 19
14 30 20

17 11 2


18 2 1
18 3 1
18 4 1
18 5 1
18 6 1
18 7 1
18 1 2
18 2 2
18 3 2
18 4 2
18 5 2
18 6 2
18 7 2
18 1 3
18 2 3
18 3 3
18 4 3
18 5 3
18 6 3
18 7 3
18 1 4
18 2 4
18 3 4
18 4 4
18 5 4
18 6 4
18 7 4
18 1 5
18 2 5
18 3 5
18 4 5
18 5 5
18 6 5
18 7 5
18 1 6
18 2 6
18 3 6
18 4 6
18 5 6
18 6 6
18 7 6
18 4 7
18 5 7
18 6 7
18 7 7




19 0 0
19 0 1
19 0 2
19 0 3
19 0 4
19 0 5
19 0 6
19 0 7
19 0 8
19 0 9
19 0 10
14 0 11
14 0 12
19 0 13
19 0 14
19 0 15
19 0 16
19 0 17
19 0 18
19 0 19
19 0 20
19 0 21
19 0 22
19 0 23
19 0 24
19 0 25
19 0 26
19 0 27
19 0 28
19 0 29
19 0 30
19 0 30

19 1 30
14 2 30
19 3 30
19 4 30
19 5 30
19 6 30
19 7 30
19 8 30
19 9 30
19 10 30
19 11 30
19 12 30
19 13 30
19 14 30
19 15 30
19 16 30
19 17 30
19 18 30
19 19 30
19 20 30
19 21 30
19 22 30
19 23 30
19 24 30
19 25 30
19 26 30
19 27 30
19 28 30
19 29 30
19 30 30

19 30 0
19 30 1
14 30 2
14 30 3
19 30 4
19 30 5
19 30 6
19 30 7
19 30 8
19 30 9
19 30 10
19 30 11
19 30 12
19 30 13
19 30 14
19 30 15
19 30 16
19 30 17
19 30 21
19 30 22
19 30 23
19 30 24
19 30 25
19 30 26
19 30 27
19 30 28
19 30 29

19 1 0
19 2 0
19 3 0
19 4 0
19 5 0
19 6 0
19 7 0
19 8 0
19 9 0
19 10 0
19 11 0
19 12 0
19 13 0
19 14 0
19 15 0
19 16 0
19 17 0
19 18 0
19 19 0
19 20 0
19 21 0
19 22 0
19 23 0
19 24 0
19 25 0
19 26 0
19 27 0
19 28 0
19 29 0
19 30 0

19 2 15
19 3 15
19 4 15
19 5 15
19 6 15
19 7 15
19 8 15
19 9 15
19 10 15
19 11 15
19 12 15
19 13 15
19 14 15
19 15 15
19 16 15
19 17 15
19 18 15
19 19 15
19 20 15
19 21 15
19 22 15
19 23 15
19 24 15
19 25 15
19 26 15
19 27 15
19 28 15


19 10 1
19 10 2
19 10 3
19 10 4
19 10 5
19 10 6
19 10 7
19 10 8
19 10 9
19 10 10
19 10 11
19 10 12
19 10 13
19 10 14
19 10 16
19 10 17
19 10 18
19 10 19
19 10 20
19 10 21
19 10 22
19 10 23
19 10 24
19 10 25
19 10 26
19 10 27
19 10 28

19 20 2
19 20 3
19 20 4
19 20 5
19 20 6
19 20 7
19 20 8
19 20 9
19 20 10
19 20 11
19 20 12
19 20 13
19 20 14
19 20 16
19 20 17
19 20 18
19 20 19
19 20 20
19 20 21
19 20 23
19 20 24
19 20 25
19 20 26
19 20 27
19 20 28
19 20 29

19 9 1
19 9 2
19 9 3
19 9 4
19 9 5
19 9 6
19 9 7
19 9 8
19 9 9
19 9 10
19 9 11
19 9 12
19 9 13
14 9 14

19 8 14
19 7 14
19 6 14
19 5 14
19 4 14
19 3 14

19 8 1
19 8 2
19 1 7
19 2 7
19 3 7
19 2 8
19 1 11
19 2 11
19 1 12
19 2 12

19 19 28
19 11 3
19 12 3
19 13 3
19 14 3
19 14 2
19 14 1

20 20 22

21 8 3

25 11 13

24 29 15

26 17 10

27 1 15

28 14 18
28 15 18
28 16 18
28 16 19
28 16 20
28 15 20
28 14 19
28 14 20

29 1 23

30 25 23
30 26 23
30 27 23
30 27 24
30 27 25
30 26 25
30 25 25
30 25 24

31 11 16

32 24 6
32 25 6
32 26 6
32 26 7
32 26 8
32 25 8
32 24 8
32 24 7

33 21 26

34 12 9
34 13 9
34 14 9
34 14 10
34 14 11
34 13 11
34 12 11
34 12 10

35 27 1
