audio/laberint.mp3
31 48 22
images/T.png
46
baba 1 6 27
you 1 20 42
is 1 18 30
grass 1 9 30
sink 1 9 42
push 1 2 42
baba 0 1 1
rock 0 15 21
rock 1 11 33
flag 0 6 21
flag 1 1 30
defeat 1 5 39
win 1 17 42
has 1 12 30
grass 0 0 51
foc 0 5 24
explosio 0 22 42
skull 1 16 33
skull 0 11 15
brick 0 15 45
door 0 3 21
door 1 24 27
key 0 10 21
key 1 21 30
bog 0 0 48
bog 1 10 27
box 1 12 27
box 0 1 21
jelly 0  11 24
jelly 1  19 30
flower 0  17 21
flower 1  2 30
fruit  0  8 21
fruit  1  5 30
rocket 0  13 18
rocket 1  12 33
wall 0 0 57
wall 1 27 33
ghost 0 0 15
ghost 1 8 30 
hand 0 5 15  
hand 1 11 30 
cake 0 21 21 
cake 1 16 27 
soldrier 0 12 15
puf 0 25 22

19 43 4
19 41 4
19 0 0
19 0 1
19 0 2
19 0 3
19 0 4
19 0 5
19 0 6
19 0 7
19 0 8
19 0 9
19 0 10
19 0 11
19 0 12
19 0 13
19 0 14
19 0 15
19 0 16
19 0 17
19 0 18
19 0 19
19 0 20
19 0 21
19 0 22
19 0 23
19 0 24
19 0 25
19 0 26
19 0 27
19 0 28
19 0 29
19 0 30
19 0 30

19 1 30
19 2 30
19 3 30
19 4 30
19 5 30
19 6 30
19 7 30
19 8 30
19 9 30
19 10 30
19 11 30
19 12 30
19 13 30
19 14 30
19 15 30
19 16 30
19 19 30
19 20 30
19 21 30
19 22 30
19 23 30
19 24 30
19 25 30
19 26 30
19 27 30
19 28 30
19 29 30
19 30 30
19 31 30
19 32 30
19 33 30
19 34 30
19 35 30
19 36 30
19 37 30
19 38 30
19 39 30
19 40 30
19 41 30
19 42 30
19 43 30
19 44 30
19 45 30
19 46 30
19 47 30

19 47 0
19 47 1
19 47 2
19 47 3
19 47 4
19 47 5
19 47 6
19 47 7
19 47 8
19 47 9
19 47 10
19 47 11
19 47 12
19 47 13
19 47 14
19 47 15
19 47 16
19 47 17
19 47 18
19 47 19
19 47 20
19 47 21
19 47 22
19 47 23
19 47 24
19 47 25
19 47 26
19 47 27
19 47 28
19 47 29

19 1 0
19 2 0
19 3 0
19 4 0
19 5 0
19 6 0
19 7 0
19 8 0
19 9 0
19 10 0
19 11 0
19 12 0
19 13 0
19 14 0
19 15 0
19 16 0
19 17 0
19 18 0
19 19 0
19 20 0
19 21 0
19 22 0
19 23 0
19 24 0
19 25 0
19 26 0
19 27 0
19 28 0
19 29 0
19 30 0
19 31 0
19 32 0
19 33 0
19 34 0
19 35 0
19 36 0
19 37 0
19 38 0
19 39 0
19 40 0
19 41 0
19 42 0
19 43 0
19 44 0
19 45 0
19 46 0
19 47 0

19 1 1
19 1 2
19 1 3
19 1 4
19 1 5
19 1 6
19 1 7
19 1 8
19 1 9
19 1 17
42 1 29

19 2 1
39 2 2 
19 2 9
19 2 11
19 2 12
19 2 13
19 2 14
19 2 17
19 2 21
19 2 22
19 2 23
19 2 24
19 2 25
19 2 26
19 2 27
19 2 28
19 2 29
2 2 10

19 3 1
19 3 2
19 3 3
19 3 4
19 3 5
19 3 6
19 3 9
19 3 11
19 3 14
19 3 17
19 3 21

38 4 4
19 4 6
19 4 9
19 4 10
19 4 11
19 4 14
19 4 17
19 4 21

38 5 4
19 5 6
19 5 14
19 5 15
19 5 17
19 5 21
19 5 22
19 5 23
19 5 24
19 5 25
19 5 26
19 5 27
19 5 28

38 6 2
19 6 6
14 6 13
19 6 28

19 7 6
19 7 7
19 7 8
19 7 9
19 7 10
19 7 11
14 7 12
14 7 13
19 7 24
19 7 25
19 7 26
19 7 28

38 8 2
2 8 4
19 8 11
19 8 16
19 8 17
19 8 18
19 8 19
19 8 20
19 8 24
19 8 26
19 8 28

38 9 2
38 9 7
38 9 10
19 9 11
19 9 16
19 9 20
19 9 29
19 9 24
19 9 26
19 9 28

19 10 11
19 10 16
19 10 20
23 10 22
19 10 24
19 10 26
19 10 28

38 11 5
38 11 8
19 11 11
19 11 16
19 11 20
19 11 24
19 11 26
19 11 28

38 12 3
19 12 11
19 11 12
19 12 16
19 12 20
19 12 21
19 12 22
19 12 23
19 12 24
19 12 25
19 12 26
19 12 28

38 13 2
38 13 5
38 13 8
38 13 10
19 13 11
19 13 16
19 13 24
39 13 26
19 13 29

38 14 2
19 14 11
19 14 16
19 14 24
19 14 29

38 15 4
38 15 6
38 15 9
19 15 11
14 15 15
19 15 25
19 15 26
19 15 27
19 15 28

38 16 3
38 16 6
19 16 11
14 16 15
36 16 16


38 17 8
19 17 11
14 17 15
36 17 16


19 18 2
19 18 3
19 18 4
19 18 5
19 18 6
38 18 8
19 18 11
19 18 12
27 18 13
27 18 14
14 18 15
36 18 16
19 18 17
19 18 18
19 18 19
19 18 20
19 18 21
19 18 22
19 18 23
19 18 24
19 18 25
19 18 26
19 18 27


19 19 2
19 19 6
38 19 8
19 19 11
12 19 13
14 19 15
36 19 16
19 19 28

19 20 2
23 20 4
19 20 6
19 20 11
14 20 15
19 20 28

19 21 0
20 21 1
19 21 2
19 21 5
38 21 8
19 21 11
19 21 12
19 21 13
19 21 14
19 21 15
19 21 16


19 22 0

19 22 5
19 22 11
19 22 16
19 22 28


19 23 2
19 23 4
38 23 7
20 24 11
19 23 16
19 23 17
19 23 18
19 22 19
19 22 20
19 23 21
19 23 22
19 23 28


19 24 2
19 24 4
38 24 9
19 23 11
38 24 13
27 24 16
19 24 22
19 24 23
19 24 24
19 24 25
19 24 26
19 24 27
19 24 28


19 25 2
19 25 5
19 25 11
19 25 16
19 25 17
19 25 22
13 29 17

19 26 3
19 26 5
19 26 6
19 26 7
19 26 8
19 26 9
19 26 11
19 26 16
19 26 22
19 26 28

19 27 3
19 27 9
19 27 11
19 27 12
19 27 13
19 27 14
19 27 15
19 27 16
19 27 18
19 27 19
19 27 20
19 27 22
19 27 28

43 28 13
19 28 3
19 28 4
19 28 5
19 28 6
19 28 7
19 28 9
19 28 12
14 28 21
14 28 22
14 28 23
14 28 24
14 28 25
19 28 28

19 29 7
19 29 9
19 29 12
19 29 19
19 29 20
19 29 21
19 29 22
19 29 25

19 30 7
19 30 9
2 29 10
19 30 13
19 30 19
19 30 20
19 30 21
19 30 25
19 30 29
38 1 16

12 32 3
19 31 7
19 31 9
19 31 10
19 31 11
36 31 12
19 31 13
19 31 14
19 31 15
19 31 16
19 31 17
19 31 18
19 31 19
19 31 20
19 31 21
19 31 25


20 32 6
36 32 12
19 32 25

19 33 6
36 33 12
19 33 25

19 34 7
19 34 8
19 34 9
19 34 10
19 34 11
36 34 12
19 34 13
19 34 14
19 34 15
19 34 16
19 34 17
19 34 18
19 34 19
19 34 20
19 34 21
19 34 25

19 35 11
36 35 12
19 35 13
19 35 21
19 35 25

19 36 3
19 36 4
19 36 5
19 36 12
19 36 21
19 36 25


19 37 3
13 37 4
19 37 5
19 37 6
19 37 7
19 37 8
19 37 9
19 37 10
19 37 11
19 37 12
19 37 25
43 37 26

19 38 3
19 38 21
19 38 25

19 39 1
19 39 2
19 39 3
19 39 4
19 39 5
19 39 6
19 39 7
19 39 8
19 39 9
19 39 10
19 39 11
19 39 12
19 39 13
19 39 14
19 39 15
19 39 16
19 39 17
19 39 18
19 39 19
19 39 20
19 39 21
44 39 22
20 39 23
44 39 24
19 39 25
19 39 26
19 39 27
19 39 28
19 39 29

41 40 1
19 40 2
19 40 4
3 40 7
37 40 8
26 40 9
19 40 13

2 41 1
19 41 2
2 41 6
19 41 13


1 42 1
19 42 2
5 42 6
19 42 13
19 42 18
19 42 19

19 43 1
19 43 2
19 43 11
19 43 12
19 43 13
22 43 18
19 43 19
6 43 20
19 44 20
19 42 20
19 43 21

39 44 1
19 44 2
19 44 4
19 44 11
40 44 12
19 44 13
19 44 14
19 44 18
19 44 19


2 45 1
19 45 2
19 45 3
19 45 4
19 45 5
19 45 6
19 45 7
19 45 8
19 45 9
19 45 10
19 45 11
19 45 12
19 45 13
19 45 14


4 46 1
19 46 2
0 46 3
2 46 4
1 46 5
19 46 6
21 46 7
2 46 8
4 46 9
19 46 10
23 46 11
2 46 12
5 46 13
19 46 14


19 33 5
19 33 4
19 32 4
19 31 4
19 30 4
19 30 3